27_Feb_2024_10h_15min_10s_GMT
2.0659420490264893 0.0 2
2.216698169708252 -0.5654296278953552 3
2.350635528564453 0.0 2
2.466758966445923 0.0 2
2.590449094772339 0.0 2
2.7003509998321533 0.0 2
2.823805332183838 0.0 2
2.933790683746338 0.0 2
3.0493874549865723 0.0 2
3.172858238220215 0.0 2
3.2830631732940674 0.0 2
3.4128220081329346 0.0 2
3.532682418823242 0.0 2
3.656750440597534 0.0 2
3.7837746143341064 0.0 2
3.9020800590515137 0.0 2
4.011357069015503 0.0 2
4.135552883148193 0.0 2
4.257530689239502 0.0 2
4.370163202285767 0.0 2
4.484866619110107 0.0 2
4.595743894577026 0.0 2
4.716847658157349 0.0 2
4.841541767120361 0.0 2
4.962849855422974 0.0 2
5.074719429016113 0.0 2
5.204898834228516 0.0 2
5.319133758544922 0.0 2
5.42733359336853 0.0 2
5.489988803863525 0 -1
5.548572301864624 0 -1
5.610813140869141 0 -1
5.677375793457031 0 2
5.792608022689819 0.0 2
5.907613039016724 0.0 2
5.9692230224609375 0 -1
6.033498287200928 0 -1
6.140640020370483 0.0 2
6.247969150543213 0.0 2
6.35778546333313 0.0 2
6.46781325340271 0.0 2
6.576808452606201 0.0 2
6.687771797180176 0.0 2
6.799433469772339 -0.5077329874038696 0
6.8657543659210205 -0.5077329874038696 2
6.919815301895142 0 -1
6.981649875640869 0 -1
7.045410394668579 0 -1
7.110419511795044 0 -1
7.169920444488525 0 -1
7.232979774475098 0 -1
7.298243522644043 0 -1
7.359090089797974 0 -1
7.425814867019653 0 -1
7.4866156578063965 0 -1
7.549694061279297 0 2
7.61430287361145 0 2
7.673588275909424 0 -1
7.733664274215698 0 -1
7.796361923217773 0 -1
7.860318660736084 0 -1
7.923954963684082 0 2
7.987419605255127 0 -1
8.091440200805664 0.5608839392662048 1
8.15503978729248 0 -1
8.217185974121094 0 -1
8.277822732925415 0 -1
8.341991424560547 0 -1
8.404922723770142 0 -1
8.47017526626587 0 2
8.577722072601318 -0.623627245426178 0
8.639366865158081 -0.623627245426178 2
8.746845006942749 0.0 2
8.85501480102539 0.0 2
8.973757028579712 0.0 2
9.084616899490356 0.0 2
9.191652059555054 0.0 2
9.301544666290283 0.0 2
9.406845808029175 -0.4173818826675415 0
9.520631313323975 -0.4959713816642761 3
9.629257202148438 -0.5210797786712646 0
9.74992322921753 -0.5013443231582642 3
9.870181560516357 -0.5360896587371826 3
9.992400646209717 -0.7282328009605408 3
10.10792350769043 -0.7717826962471008 3
10.229566097259521 -0.5333883166313171 0
10.359699726104736 -0.442724347114563 0
10.479893684387207 0.0 2
10.605605125427246 -0.5632373094558716 3
10.7274489402771 0.0 2
10.836348295211792 0.0 2
10.961400747299194 0.0 2
11.070486545562744 0.0 2
11.19347071647644 0.0 2
11.302656650543213 0.0 2
11.427658081054688 0.0 2
11.56047534942627 -0.42267337441444397 0
11.673629760742188 0.0 2
11.779983520507812 0.0 2
11.955194473266602 0.0 2
12.064702987670898 0.0 2
12.173674821853638 0.0 2
12.297770261764526 0.0 2
12.418466329574585 0.0 2
12.532477140426636 0.0 2
12.667608976364136 -0.3579328656196594 3
12.787669658660889 0.0 2
12.90658688545227 0.0 2
13.015862703323364 0.0 2
13.144503593444824 -0.5898069739341736 0
13.274641513824463 -0.47799408435821533 0
13.392568349838257 -0.6331776976585388 0
13.520605325698853 -0.6542864441871643 0
13.643736839294434 -0.5906338095664978 0
13.772326469421387 -0.6014525294303894 0
13.89417815208435 -0.6246170997619629 0
14.020707130432129 -0.5577143430709839 0
14.137739181518555 -0.3733460009098053 0
14.250342607498169 0.0 2
14.373544692993164 -0.3443892300128937 3
14.500163316726685 -0.42216476798057556 3
14.618873119354248 0.0 2
14.731711149215698 0.0 2
14.856810808181763 0.0 2
14.98266887664795 0.0 2
15.108500957489014 0.0 2
15.314551830291748 0.0 2
15.42901349067688 0.0 2
15.5599844455719 0.0 2
15.676716804504395 0.0 2
15.787781476974487 -0.4794546663761139 3
15.912835121154785 -0.6699323058128357 3
16.044969081878662 -0.49891066551208496 3
16.167638301849365 -0.5332556366920471 3
16.293292999267578 0.0 2
16.411864519119263 0.0 2
16.536762714385986 -0.508513331413269 3
16.662726640701294 -0.5667228102684021 3
16.787655353546143 -0.4108571410179138 0
16.908544540405273 0.0 2
17.033915281295776 0.0 2
17.159772634506226 0.0 2
17.29585599899292 0.0 2
17.410135984420776 -0.4486162066459656 0
17.538278341293335 0.0 2
17.663537979125977 0.0 2
17.78773069381714 0.0 2
17.906675100326538 0.0 2
18.034671545028687 -0.4355437457561493 0
18.15655493736267 0.0 2
18.286226511001587 0.0 2
18.404820442199707 -0.44963011145591736 0
18.531673431396484 0.0 2
18.6568021774292 -0.43793851137161255 0
18.77961778640747 -0.4158419370651245 0
18.900678396224976 -0.44686633348464966 0
19.030639171600342 -0.49484899640083313 0
19.14960241317749 0.0 2
19.276196241378784 0.0 2
19.397908926010132 0.0 2
19.534726858139038 0.0 2
19.67301917076111 0.0 2
19.81374502182007 0.0 2
19.943506956100464 0.0 2
20.071526765823364 0.0 2
20.197509765625 0.0 2
20.323671579360962 0.0 2
20.44454312324524 0.0 2
20.569677591323853 0.0 2
20.694790840148926 0.0 2
20.82292914390564 0.0 2
20.94398593902588 0.0 2
21.073792934417725 0.0 2
21.21178126335144 0.0 2
21.334182024002075 0.0 2
21.45342183113098 0.0 2
21.589759349822998 0.0 2
21.7236647605896 0.0 2
21.864095449447632 0.0 2
22.002803325653076 0.0 2
22.138458967208862 0.0 2
22.262813091278076 0.0 2
22.39180088043213 0.0 2
22.527626276016235 0.0 2
22.659423351287842 0.0 2
22.79406762123108 0.0 2
22.923887729644775 0.0 2
23.06051254272461 0.0 2
23.201833724975586 0.0 2
23.33976984024048 0.0 2
23.46488380432129 0.0 2
23.58823847770691 0.0 2
23.725815057754517 0.0 2
23.847145318984985 0.0 2
23.987467288970947 0.0 2
24.12062430381775 0.0 2
24.264689683914185 0.0 2
24.400218963623047 0.0 2
24.53469228744507 0.0 2
24.66355848312378 0.0 2
24.794243097305298 0.0 2
24.933372974395752 0.0 2
25.073883056640625 0.0 2
25.21364688873291 0.0 2
25.354546070098877 0.0 2
25.48177695274353 0.0 2
25.619690418243408 0.0 2
25.75978708267212 0.0 2
25.898521184921265 0.0 2
26.04046082496643 0.0 2
26.179962635040283 0.0 2
26.316974401474 0.0 2
26.461740016937256 0.0 2
26.593852043151855 0.0 2
26.724497318267822 0.0 2
26.86158275604248 0.0 2
27.0037260055542 0.0 2
27.14227557182312 0.0 2
27.28572154045105 0.0 2
27.425813674926758 0.0 2
27.566487312316895 0.0 2
27.70976448059082 0.0 2
27.850008964538574 0.0 2
27.98077630996704 0.0 2
28.132765769958496 0.0 2
28.270526885986328 0.0 2
28.40848398208618 0.0 2
28.552717447280884 0.0 2
28.691572904586792 0.0 2
28.828434705734253 0.0 2
28.966561317443848 0.0 2
29.10765838623047 0.0 2
29.251620531082153 0.0 2
29.392756700515747 0.0 2
29.531354665756226 0.0 2
29.667439222335815 0.0 2
29.811736345291138 0.0 2
29.963371515274048 0.0 2
30.102803230285645 0.0 2
30.247816801071167 0.0 2
30.390655994415283 0.0 2
30.523449182510376 0.0 2
30.667922973632812 0.0 2
30.8019859790802 0.0 2
30.947595357894897 0.0 2
31.08144450187683 0.0 2
31.22555708885193 0.0 2
31.370097875595093 0.0 2
31.50856351852417 0.0 2
31.644691467285156 0.0 2
31.792760848999023 0.0 2
31.928749084472656 0.0 2
32.078776836395264 0.0 2
32.243496894836426 0.0 2
32.38886880874634 0.0 2
32.54035830497742 0.0 2
32.70295834541321 0.0 2
32.854938983917236 0.0 2
33.00539779663086 0.0 2
33.145060777664185 0.0 2
33.2875874042511 0.0 2
33.443517208099365 0.0 2
33.582438230514526 0.0 2
33.72847628593445 0.0 2
